 Tp =25; Fn =2;  
Fp =2; Tn =5;  
samples   = [1 30 60 90 120];
ind =samples;
LR=[0.8 0.81 0.81 0.82 0.83];
SVM =[0.97 0.975 0.981 0.98 0.99];